859.0 288.0
990.0 322.0
753.0 360.0
702.0 320.0
993.0 319.0
1096.0 340.0
852.0 381.0
757.0 360.0
853.0 383.0
1093.0 340.0
1194.0 362.0
956.0 411.0
959.0 411.0
1193.0 360.0
1307.0 381.0
1083.0 440.0
1309.0 381.0
1462.0 420.0
1227.0 481.0
1089.0 444.0
1478.0 420.0
1588.0 452.0
1386.0 523.0
1225.0 481.0
1591.0 446.0
1756.0 474.0
1575.0 573.0
1399.0 521.0
1761.0 470.0
1918.0 493.0
1800.0 633.0
1606.0 572.0
932.0 297.0
1086.0 265.0
1170.0 283.0
997.0 317.0
1004.0 322.0
1187.0 280.0
1241.0 300.0
1094.0 340.0
1111.0 339.0
1247.0 274.0
1396.0 312.0
1161.0 355.0
1409.0 314.0
1503.0 334.0
1348.0 377.0
1299.0 345.0
1503.0 335.0
1664.0 360.0
1477.0 418.0
1364.0 374.0
1673.0 365.0
1798.0 395.0
1692.0 447.0
1496.0 417.0
1787.0 386.0
1914.0 406.0
1792.0 470.0
1698.0 446.0
1264.0 177.0
1345.0 187.0
1204.0 207.0
1133.0 196.0
1346.0 187.0
1413.0 197.0
1284.0 220.0
1208.0 210.0
1410.0 196.0
1472.0 204.0
1377.0 230.0
1284.0 225.0
1472.0 200.0
1567.0 193.0
1476.0 243.0
1384.0 234.0
1571.0 210.0
1667.0 222.0
1576.0 257.0
1485.0 246.0
1674.0 217.0
1794.0 243.0
1688.0 280.0
1582.0 268.0
1819.0 246.0
1904.0 260.0
1805.0 297.0
1696.0 280.0
121.0 573.0
509.0 461.0
567.0 506.0
211.0 653.0
564.0 515.0
672.0 563.0
316.0 733.0
217.0 656.0
677.0 563.0
834.0 645.0
448.0 825.0
333.0 739.0
831.0 647.0
1044.0 727.0
633.0 958.0
471.0 845.0
1043.0 725.0
1321.0 826.0
912.0 1078.0
646.0 977.0
1321.0 823.0
1628.0 984.0
1453.0 1074.0
944.0 1074.0
