380 286
346 345
376 370
412 309
253 282
218 341
250 364
284 302
349 265
315 323
345 347
380 284
223 261
187 320
217 342
253 280
318 243
285 300
314 325
350 264
193 240
158 297
185 320
223 259
288 222
255 278
283 303
319 242
163 219
127 276
157 299
193 238
259 201
224 258
252 281
289 221
134 198
98 254
126 277
163 217
229 181
195 235
222 260
259 199
104 177
68 233
97 256
134 196
199 160
164 216
192 239
230 180
74 157
38 212
67 234
104 175
170 140
135 195
162 218
200 159
140 120
106 173
133 197
170 138
111 100
76 153
103 176
141 119
82 79
47 132
73 155
112 99
53 58
17 112
45 135
83 78
514 223
446 257
478 279
546 244
482 202
415 235
445 259
514 221
450 182
385 214
414 236
483 201
420 161
355 193
384 215
453 180
523 147
456 180
481 201
453 180
391 140
325 172
354 195
422 159
490 127
425 159
449 181
523 145
360 120
295 152
324 174
392 139
462 106
395 139
419 160
492 126
332 100
265 132
294 153
362 119
431 86
365 119
389 140
462 104
302 80
236 112
264 133
333 99
401 67
336 99
359 119
432 85
273 60
207 92
235 113
303 79
372 47
306 79
331 99
402 66
244 40
178 71
205 92
274 59
341 28
277 59
300 80
372 45
214 21
148 52
176 72
244 38
313 8
247 39
271 60
344 28
185 1
119 31
147 53
216 20
